
2023 francia paris 4717.543 4480.438 5112.325 5486.686 5918.429 6059.25 6562.527 6517.794 5962.724 5979.682 5104.207 5488.103
2023 holanda amsterdam 3896.388 3782.228 4585.101 5128.555 5599.87 5664.12 6009.315 6052.884 5777.208 5820.061 4742.398 4829.5
2023 espanya madrid 4426.744 4170.859 4817.231 4868.448 5047.16 5131.072 5539.293 5553.809 5381.568 5370.453 4826.321 5005.065
2023 alemania frankfurt 3648.869 3407.43 4270.226 4819.929 5127.531 5544.472 6004.72 5853.028 5767.344 5664.47 4586.799 4565.661
2023 espanya barcelona 3072.01 3126.319 3753.559 4194.765 4469.138 4455.456 4931.672 4966.306 4582.812 4576.749 3819.916 3862.921
2023 italia roma 2249.067 2193.279 2739.43 3235.616 3537.553 3863.458 4153.565 4194.762 4002.748 3893.813 3143.503 3105.349
2023 alemania munchen 2224.739 2165.312 2571.383 2947.125 3270.508 3444.428 3675.371 3743.565 3837.508 3736.091 2954.223 2438.312
2023 portugal lisboa 2242.46 2247.8 2629.884 2836.821 2928.516 2989.747 3265.079 3299.171 3143.47 3067.203 2497.407 2488.925
2023 irlanda dublin 2089.895 2038.461 2459.474 2812.524 3025.308 3217.123 3424.611 3419.822 3081.892 2977.683 2296.751 2404.059
2023 francia paris 2199.608 2228.456 2304.954 2682.229 2953.998 2946.694 3202.683 3240.753 2959.667 2917.866 2234.661 2418.863
2023 espanya palma_de_mallorca 858.512 905.181 1343.501 2729.68 3420.083 3806.642 4376.505 4370.113 3861.494 3285.261 1097.445 1038.369
2023 austria viena 1675.522 1608.585 2055.552 2476.124 2713.833 2851.884 3160.349 3121.302 2935.605 2747.916 2112.912 2195.774
2023 grecia athenas 1445.698 1356.62 1661.304 2126.194 2522.067 2904.595 3278.731 3274.086 2989.683 2717.823 2058.649 1840.346
2023 dinamarca copenhague 1591.884 1638.474 1975.348 2200.532 2390.309 2530.36 2829.061 2581.414 2525.386 2535.857 1951.191 1948.699
2023 italia milan_malpensa 1578.552 1612.83 1894.891 2113.489 2187.612 2384.311 2678.412 2731.681 2571.629 2390.714 1806.177 1950.254
2023 alemania berlin 1309.135 1417.409 1669.092 1910.273 2088.939 2094.69 2202.196 2218.254 2267.854 2357.612 1753.404 1765.564
2023 espanya malaga 1115.17 1120.886 1471.219 2017.3 2147.805 2174.573 2425.486 2411.005 2260.122 2211.769 1470.327 1459.795
2023 belgica bruselas 1325.77 1360.734 1601.754 1849.433 2069.509 2016.85 2330.4 2260.717 2140.352 2014.589 1612.564 1592.557
2023 suecia estocolmo 1422.354 1372.804 1680.528 1755.573 2016.916 2155.584 2236.912 2106.699 1995.072 1936.761 1609.669 1549.265
2023 alemania dusseldorf 956.702 942.194 1227.867 1492.208 1823.793 1894.006 2115.684 2096.535 2061.877 2035.967 1256.167 1190.418
2023 polonia varsovia 1131.994 1115.093 1275.562 1393.215 1594.463 1812.165 1933.828 1924.81 1875.591 1649.811 1380.29 1373.254
2023 italia milan_malpensa 1169.528 1052.213 1213.037 1364.801 1411.471 1440.039 1482.831 1581.257 1420.886 1413.447 1167.659 1256.043
2023 espanya alicante 794.057 790.107 1043.876 1432.898 1497.825 1502.954 1710.644 1698.808 1560.72 1583.219 1068.291 1040.67
2023 finlandia helsinki 1121.174 1107.192 1287.152 1221.59 1363.897 1414.063 1462 1365.176 1330.788 1348.956 1148.708 1241.094
2023 portugal oporto 891.826 922.752 1093.232 1347.219 1390.968 1409.772 1515.101 1608.611 1491.263 1428.165 994.521 1089.426
2023 rumania bucarest 1034.342 959.702 1093.191 1189.715 1213.353 1299.889 1419.272 1462.582 1367.629 1325.293 1120.814 1134.408
2023 hungria budapest 935.926 880.749 1052.142 1192.94 1240.677 1331.242 1462.165 1449.88 1358.331 1347.56 1143.608 1213.613
2023 francia nicecoted'azur 665.37 742.486 873.835 1213.989 1394.226 1478.874 1690.626 1640.368 1466.148 1321.635 813.941 875.55
2023 espanya gran_canaria 1186.51 1141.84 1263.949 1153.793 990.876 983.657 1135.206 1124.076 1043.023 1215.412 1251.48 1342.638
2023 chequia praga 660.659 695.935 888.735 1053.056 1126.145 1395.557 1579.79 1572.865 1465.529 1272.772 994.106 1083.625
2024 francia paris 4789.051 5446.234 5747.143 6106.042 6267.597 6658.394 6863.086 6209.272 5841.661 0 0 0
2024 holanda amsterdam 4626.939 5225.678 5470.432 5975.694 5958.047 6300.801 6417.039 6030.813 5835.777 0 0 0
2024 espanya madrid 4704.084 5335.88 5382.739 5672.257 5788.329 6123.226 6060.9 5841.661 5052.254 0 0 0
2024 alemania frankfurt 3850.817 4604.047 5091.558 5485.434 5623.97 6032.58 6067.856 5835.777 4719.321 0 0 0
2024 espanya barcelona 3643.185 4271.318 4593.578 4985.672 5046.098 5373.617 5408.691 5052.254 4068.344 0 0 0
2024 italia roma 2942.65 3518.904 4096.205 4415.819 4623.718 4967.448 5055.101 4719.321 3896.062 0 0 0
2024 alemania munchen 2514.365 2993.675 3450.844 3812.426 3863.874 4035.078 4187.236 4068.344 3223.889 0 0 0
2024 portugal lisboa 2925.105 3391.047 3521.509 3700.702 3658.55 4039.569 4136.784 3896.062 2990.734 0 0 0
2024 irlanda dublin 2154.619 2701.778 2862.703 3262.666 3348.193 3507.905 3631.199 3223.889 4072.311 0 0 0
2024 francia paris 2235.051 2538.313 3008.739 2982.667 3046.208 3206.619 3352.564 2990.734 3077.991 0 0 0
2024 espanya palma_de_mallorca 1034.996 1528.704 2804.71 3838.955 4157.328 4595.701 4589.268 4072.311 3276.601 0 0 0
2024 austria viena 1879.573 2213.279 2618.03 2844.569 3020.99 3323.075 3333.241 3077.991 2818.98 0 0 0
2024 grecia athenas 1593.348 1989.006 2465.934 2991.989 4829.487 4123.825 3618.132 3276.601 2813.836 0 0 0
2024 dinamarca copenhague 1846.305 2220.268 2427.444 2730.825 2848.561 3185.968 2951.059 2818.98 2475.473 0 0 0
2024 italia milan_malpensa 1823.704 2146.114 2341.756 2424.818 2572.375 2833.322 2902.979 2813.836 2499.268 0 0 0
2024 alemania berlin 1570.097 1918.587 2150.627 2366.405 2337.157 2360.122 2388.53 2475.473 2248.285 0 0 0
2024 espanya malaga 1416.953 1747.489 2160.317 2374.8 2429.623 2651.298 2647.989 2499.268 2089.958 0 0 0
2024 belgica bruselas 1551.777 1739.376 1951.863 2100.158 2095.776 2449.34 2414.105 2248.285 2051.433 0 0 0
2024 suecia estocolmo 1481.87 1728.119 1848.124 2119.3 2212.464 2347.484 2220.924 2089.958 2091.753 0 0 0
2024 alemania dusseldorf 1116.324 1425.454 1621.56 1896.636 1947.182 2085.097 2091.041 2051.433 1579.827 0 0 0
2024 polonia varsovia 1401.187 1516.85 1587.56 1842.862 2004.521 2162.638 2174.181 2091.753 1800.04 0 0 0
2024 italia milan_malpensa 1152.86 1351.181 1496.398 1573.686 1606.064 1731.406 1741.957 1579.827 1446.887 0 0 0
2024 espanya alicante 1001.002 1266.087 1588.4 1747.838 1769.999 1987.408 1960.376 1800.04 1516.112 0 0 0
2024 finlandia helsinki 1119.556 1298.55 1287.928 1412.578 1545.331 1593.317 1497.855 1446.887 1477.872 0 0 0
2024 portugal oporto 992.894 1210.228 1374.053 1469.999 1507.521 1589.704 1672.209 1516.112 1653.068 0 0 0
2024 rumania bucarest 995.209 1195.873 1255.689 1394.283 1472.834 1572.813 1614.072 1477.872 1486.828 0 0 0
2024 hungria budapest 1071.236 1285.301 1387.902 1458.442 1552.051 1742.683 1760.123 1653.068 1111.988 0 0 0
2024 francia niza 778.249 998.355 1241.298 1489.862 1537.94 1728.835 1725.163 1486.828 1624.066 0 0 0
2024 espanya gran_canaria 1311.684 1470.46 1194.847 1091.341 1102.323 1205.187 1211.214 1111.988  0 0 0
2024 chequia praga 945.532 1157.016 1228.733 1363.368 1603.98 1787.303 1769.803 1624.066  0 0 0
