2023 belgica 1994.543 2002.734 2346.017 2750.794 3013.267 2910.946 3316.609 3299.022 3074.571 2988.789 2312.05 2331.879
2023 bulgaria 590.053 561.752 650.306 741.458 812.657 1153.661 1430.645 1477.463 1132.13 781.808 580.925 648.739
2023 chequia 671.905 706.17 904.81 1083.72 1178.09 1575.803 1851.633 1841.938 1653.377 1339.677 1017.097 1100.653
2023 alemania 1855.453 1899.797 2286.218 2625.671 2869.39 3033.647 3469.412 3139.316 3051.788 3069.243 2223.263 2214.176
2023 germany 10254.268 9916.237 12373.903 15045.928 16855.109 17751.244 19365.025 19569.977 19120.022 19078.985 13227.488 12721.282
2023 espanya 194.842 189.808 231.342 232.812 271.174 268.269 275.945 283.432 272.644 283.152 218.853 224.102
2023 ireland 2405.67 2351.394 2835.727 3341.065 3565.795 3799.529 4055.251 4077.724 3623.914 3504.897 2679.902 2798.686
2023 grecia 1722.152 1608.832 2025.753 3606.432 5995.891 8409.252 10254.935 10266.007 8738.143 6081.85 2446.802 2204.373
2023 spain 13790.398 13538.112 16428.263 19872.49 21371.051 22291.612 25061.511 25207.915 23229.822 22438.987 16272.078 16524.327
2023 francia 10269.778 10205.486 11209.832 13254.862 14606.517 14801.598 16592.853 16668.316 14855.547 14522.085 10969.786 12107.602
2023 croatia 243.711 232.209 342.252 679.524 1009.833 1433.888 1942.062 1896.025 1483.425 924.576 325.619 307.74
2023 italia 9337.153 8958.939 10890.739 13603.988 14699.549 16000.987 17601.301 17821.783 16565.606 15349.9 10828.053 11202.38
2023 chipre 472.582 453.217 596.554 963.122 1092.485 1236.733 1474.085 1515.527 1311.331 1244.085 665.822 590.695
2023 latvia 412.522 384.649 460.536 536.854 610.205 634.188 702.237 683.545 610.762 624.627 469.843 488.776
2023 lithuania 381.19 369.441 420.595 496.422 572.56 566.987 581.359 600.253 573.434 595.008 418.488 416.281
2023 luxemburgo 281.496 295.931 345.066 412.874 443.137 442.092 469.668 490.568 467.393 455.218 339.443 349.03
2023 hungria 950.178 893.399 1068.454 1217.528 1261.346 1360.058 1502.809 1489.599 1399.005 1377.824 1162.746 1231.979
2023 malta 380.024 379.721 487.98 709.208 727.142 755.301 849.955 879.503 812.968 772.233 529.892 529.564
2023 netherlands 4481.005 4349.846 5278.667 5914.512 6516.118 6541.032 6992.947 7062.82 6732.58 6730.98 5316.334 5418.965
2023 austria 2043.922 2017.21 2462.04 2688.959 2926.011 3107.728 3450.927 3418.149 3219.301 2958.716 2275.931 2494.272
2023 poland 2942.961 2829.082 3238.644 3789.798 4382.712 5088.637 5548.489 5556.462 5226.599 4550.091 3462.925 3552.21
2023 portugal 3541.233 3640.33 4406.714 5308.563 5588.279 5759.805 6343.938 6488.62 6084.558 5806.934 4061.691 4074.646
2023 rumania 1571.567 1422.567 1635.26 1890.035 1939.775 2140.313 2334.669 2388.184 2173.713 2014.214 1714.523 1739.378
2023 slovenia 57.912 64.876 77.972 94.66 110.558 128.526 149.601 146.282 140.005 118.796 91.786 87.378
2023 slovakia 96.324 92.219 115.077 157.372 166.685 286.222 403.97 412.452 287.86 170.955 114.046 129.598
2023 finlandia 1260.538 1238.031 1388.848 1272.594 1422.922 1475.066 1518.065 1416.275 1391.094 1414.311 1238.629 1566.565
2023 sweden 1901.479 1833.622 2219.052 2398.139 2742.199 2918.126 3070.947 2871.751 2735.335 2616.706 2100.212 2032.938
2024 belgica 2112.992 2230.248 2515.464 2940.235 3188.173 3129.493 3569.596 3538.225 3232.676 0 0 0
2024 bulgaria 608.487 581.925 690.644 737.474 856.276 1160.123 1466.492 1508.901 1177.579 0 0 0
2024 chequia 855.539 964.241 1186.379 1271.04 1437.192 1851.961 2121.749 2093.925 1864.254 0 0 0
2024 alemania 1958.286 2113.58 2550.396 2831.63 3219.701 3360.61 3806.66 3495.86 3347.07 0 0 0
2024 germany 11442.379 11416.098 14117.366 16339.726 18639.891 18843.555 20105.842 20659.487 19936.016 0 0 0
2024 espanya 208.981 200.411 243.52 296.711 328.544 328.186 341.139 349.002 331.328 0 0 0
2024 ireland 2519.907 2526.195 3150.95 3369.574 3845.999 3971.167 4177.623 4290.758 3813.558 0 0 0
2024 grecia 1887.504 1871.152 2420.152 3994.782 6932.638 10452.866 11301.112 11042.078 9289.439 0 0 0
2024 spain 15372.903 15800.098 18890.682 21540.184 23919.537 24921.46 27038.8 27308.026 25197.576 0 0 0
2024 francia 10525.953 10681.975 12294.554 14188.668 15460.72 15561.032 16884.787 17440.361 15341.835 0 0 0
2024 croatia 268.52 265.235 363.46 869.99 1315.498 1711.465 2146.013 2136.871 1691.905 0 0 0
2024 italia 10373.626 10397.901 12515.189 15432.214 16826.865 17881.23 19512.597 19822.692 18375.334 0 0 0
2024 chipre 515.273 494.24 666.851 956.258 1134.425 1298.453 1495.756 1597.094 1405.449 0 0 0
2024 latvia 419.349 397.313 505.632 546.734 616.363 663.789 747.587 739.054 663.658 0 0 0
2024 lithuania 396.579 371.772 446.216 538.953 635.425 650.585 644.016 662.256 631.058 0 0 0
2024 luxemburgo 288.352 310.118 381.379 448.747 507.056 475.74 507.711 526.207 492.404 0 0 0
2024 hungria 1114.906 1085.016 1302.746 1409.391 1484.293 1584.462 1773.761 1799.402 1688.28 0 0 0
2024 malta 466.111 475.01 634.46 775.374 859.475 859.865 953.075 984.244 897.45 0 0 0
2024 netherlands 5127.019 5233.899 5893.528 6275.349 6931.788 6886.025 7253.677 7377.128 6967.653 0 0 0
2024 austria 2216.72 2312.433 2671.992 2815.001 3079.828 3292.458 3617.732 3646.998 3355.866 0 0 0
2024 poland 3407.402 3373.904 3773.075 4231.146 5121.804 5705.877 6092.733 6175.948 5785.387 0 0 0
2024 portugal 4140.098 4423.842 5328.154 6001.32 6496.261 6644.875 7241.642 7428.393 6912.325 0 0 0
2024 rumania 1649.279 1507.115 1765.417 1901.298 2118.742 2300.588 2512.511 2613.199 2372.238 0 0 0
2024 slovenia 75.175 86.181 96.331 111.414 133.456 147.94 161.751 166.505 155.938 0 0 0
2024 slovakia 108.226 101.817 126.192 156.902 170.787 335.905 458.064 445.215 307.504 0 0 0
2024 finlandia 1295.894 1290.353 1436.993 1337.176 1475.057 1612.127 1652.874 1553.951 1509.65 0 0 0
2024 sweden 1879.258 1917.328 2226.029 2403.87 2797.962 2938.936 3103.01 2914.691 2778.811 0 0 0