belgica 665 255080 1473587
bulgaria 40 21898 4429
chequia 340 43771 29189
dinamarca 917 111530 153442
alemania 145598 1041036 3752226
estonia 0 9982 807
irlanda 5141 46692 105109
grecia 4454 44576 67763
espanya 50903 224371 569483
francia 139012 516590 1483587
croacia 74 7072 2577
italia 62858 374735 596633
chipre 0 15480 7269
letonia 0 15212 4911
lituania 0 15166 5575
luxemburgo 0 39478 92267
hungria 3 50131 83701
malta 0 12287 5264
holanda 268 57978 1495236
austria 4 48790 139388
polonia 385 88918 112654
portugal 16777 52402 136988
rumania 1204 32459 13973
eslovenia 9 10521 1947
eslovaquia 8 17786 2933
finlandia 1242 47952 111533
suecia 7837 72185 66477
